ExtraTreesRegressor(max_depth=11, max_features=0.5015709477369168,
                    min_impurity_decrease=7.275804766802355e-06,
                    n_estimators=27, n_jobs=-1, random_state=456)