ExtraTreesRegressor(max_depth=11, max_features=0.5873172585624316,
                    min_impurity_decrease=2.9413560392470147e-07,
                    min_samples_split=4, n_estimators=112, n_jobs=-1,
                    random_state=456)