ExtraTreesRegressor(max_depth=10, max_features=0.4053306930135965,
                    min_impurity_decrease=0.0005591922706269546,
                    n_estimators=273, n_jobs=-1, random_state=456)