ExtraTreesRegressor(max_depth=11, max_features=0.5096452895545194,
                    min_impurity_decrease=1.4974063783545675e-09,
                    min_samples_split=8, n_estimators=31, n_jobs=-1,
                    random_state=456)