ExtraTreesRegressor(max_depth=7, max_features=0.5830774569453282,
                    min_impurity_decrease=7.046340754760733e-09,
                    min_samples_split=4, n_estimators=91, n_jobs=-1,
                    random_state=888)