ExtraTreesRegressor(max_depth=7, max_features=0.46532028914688367,
                    min_impurity_decrease=8.872884728296548e-09,
                    min_samples_split=4, n_estimators=166, n_jobs=-1,
                    random_state=456)