BayesianRidge(alpha_1=0.07072750772862774, alpha_2=0.007919031709587356,
              lambda_1=0.973777760198768, lambda_2=0.0025067523515749563)