BayesianRidge(alpha_1=2.7545472961420178e-09, alpha_2=4.066609119105379e-06,
              lambda_1=0.990445553962634, lambda_2=0.0035328966263404715)