ExtraTreesRegressor(max_depth=5, max_features=0.5685252925663085,
                    min_impurity_decrease=1.7008036841228637e-06,
                    min_samples_split=6, n_estimators=32, n_jobs=-1,
                    random_state=456)