RandomForestRegressor(max_depth=11, max_features=0.4916016274367361,
                      min_impurity_decrease=7.54496558028163e-09,
                      min_samples_leaf=2, n_estimators=255, n_jobs=-1,
                      random_state=456)