BayesianRidge(alpha_1=0.0008522401185976721, alpha_2=0.00046238838153346914,
              lambda_1=0.8431266731558357, lambda_2=5.028213275816044e-05)