ExtraTreesRegressor(max_depth=4, max_features=0.4726450627479114,
                    min_impurity_decrease=1.0282815780948599e-05,
                    min_samples_split=8, n_estimators=76, n_jobs=-1,
                    random_state=888)