ExtraTreesRegressor(bootstrap=True, max_depth=7,
                    max_features=0.6712804432414516,
                    min_impurity_decrease=1.1371027489738293e-09,
                    n_estimators=28, n_jobs=-1, random_state=888)