ExtraTreesRegressor(max_depth=9, max_features=0.8137406373627593,
                    min_impurity_decrease=2.6284410280427227e-09,
                    min_samples_split=9, n_estimators=84, n_jobs=-1,
                    random_state=888)