RandomForestRegressor(max_depth=11, max_features=0.5458443032570148,
                      min_impurity_decrease=7.966596747145527e-07,
                      min_samples_leaf=2, n_estimators=287, n_jobs=-1,
                      random_state=888)